const positions: { [key: string]: [number, number] } = {
    "1": [104.375, 120], 
    "2": [203.125, 120],
    "3": [301.875, 120],
    "4": [400.625, 120],
    "5": [499.375, 120],
    "6": [598.125, 120],
    "7": [696.875, 120],
    "8": [795.625, 120],
    "9": [894.375, 120],
    "10": [993.125, 120],
    "11": [1091.875, 120],
    "12": [1190.625, 120],
    "13": [1289.375, 120],
    "14": [1388.125, 120],
    "15": [1486.875, 120],
    "16": [1585.625, 120],
  };

  const wholerestPosition=[
    [200,55],
    [600,55],
    [1000,55],
    [1400,55]
  ]

  const wholerestPosition2=[
    [200,135],
    [600,135],
    [1000,135],
    [1400,135]
  ]
  

  const wholelowerRestPosition2=[
    [200,315],
    [600,315],
    [1000,315],
    [1400,315]
  ]

  const positionslower : {[key: string]: [number , number]}={
    "17": [104.375, 202],
    "18": [203.125, 202],
    "19": [301.875, 202],
    "20": [400.625, 202],
    "21": [499.375, 202],
    "22": [598.125, 202],
    "23": [696.875, 202],
    "24": [795.625, 202],
    "25": [894.375, 202],
    "26": [993.125, 202],
    "27": [1091.875, 202],
    "28": [1190.625, 202],
    "29": [1289.375, 202],
    "30": [1388.125, 202],
    "31": [1486.875, 202],
    "32": [1585.625, 202],
  }


  position of c ->
  0:(3) [104.375, 120, 0]
  1:(3) [203.125, 120, 0]
  2:(3) [301.875, 120, 0]
  3:(3) [400.625, 120, 0]
  4:(3) [499.375, 120, 0]
  5:(3) [598.125, 120, 0]
  6:(3) [696.875, 120, 0]
  7:(3) [795.625, 120, 0]
  8:(3) [894.375, 120, 0]
  9:(3) [993.125, 120, 0]
  10:(3) [1091.875, 120, 0]
  11:(3) [1190.625, 120, 0]
  12:(3) [1289.375, 120, 0]
  13:(3) [1388.125, 120, 0]
  14:(3) [1486.875, 120, 0]
  15:(3) [1585.625, 120, 0]
  16:(3) [104.375, 202, 1]
  17:(3) [203.125, 202, 1]
  18:(3) [301.875, 202, 1]
  19:(3) [400.625, 202, 1]
  20:(3) [499.375, 202, 1]
  21:(3) [598.125, 202, 1]
  22:(3) [696.875, 202, 1]
  23:(3) [795.625, 202, 1]
  24:(3) [894.375, 202, 1]
  25:(3) [993.125, 202, 1]
  26:(3) [1091.875, 202, 1]
  27:(3) [1190.625, 202, 1]
  28:(3) [1289.375, 202, 1]
  29:(3) [1388.125, 202, 1]
  30:(3) [1486.875, 202, 1]
  31:(3) [1585.625, 202, 1]

positon of D ->
0:(3) [104.375, 111.28205128205128, 0]
1:(3) [203.125, 111.28205128205128, 0]
2:(3) [301.875, 111.28205128205128, 0]
3:(3) [400.625, 111.28205128205128, 0]
4:(3) [499.375, 111.28205128205128, 0]
5:(3) [598.125, 111.28205128205128, 0]
6:(3) [696.875, 111.28205128205128, 0]
7:(3) [795.625, 111.28205128205128, 0]
8:(3) [894.375, 111.28205128205128, 0]
9:(3) [993.125, 111.28205128205128, 0]
10:(3) [1091.875, 111.28205128205128, 0]
11:(3) [1190.625, 111.28205128205128, 0]
12:(3) [1289.375, 111.28205128205128, 0]
13:(3) [1388.125, 111.28205128205128, 0]
14:(3) [1486.875, 111.28205128205128, 0]
15:(3) [1585.625, 111.28205128205128, 0]
16:(3) [104.375, 193.28205128205127, 1]
17:(3) [203.125, 193.28205128205127, 1]
18:(3) [301.875, 193.28205128205127, 1]
19:(3) [400.625, 193.28205128205127, 1]
20:(3) [499.375, 193.28205128205127, 1]
21:(3) [598.125, 193.28205128205127, 1]
22:(3) [696.875, 193.28205128205127, 1]
23:(3) [795.625, 193.28205128205127, 1]
24:(3) [894.375, 193.28205128205127, 1]
25:(3) [993.125, 193.28205128205127, 1]
26:(3) [1091.875, 193.28205128205127, 1]
27:(3) [1190.625, 193.28205128205127, 1]
28:(3) [1289.375, 193.28205128205127, 1]
29:(3) [1388.125, 193.28205128205127, 1]
30:(3) [1486.875, 193.28205128205127, 1]
31:(3) [1585.625, 193.28205128205127, 1]

position of E ->
0:(3) [104.375, 101.02564102564102, 0]
1:(3) [203.125, 101.02564102564102, 0]
2:(3) [301.875, 101.02564102564102, 0]
3:(3) [400.625, 101.02564102564102, 0]
4:(3) [499.375, 101.02564102564102, 0]
5:(3) [598.125, 101.02564102564102, 0]
6:(3) [696.875, 101.02564102564102, 0]
7:(3) [795.625, 101.02564102564102, 0]
8:(3) [894.375, 101.02564102564102, 0]
9:(3) [993.125, 101.02564102564102, 0]
10:(3) [1091.875, 101.02564102564102, 0]
11:(3) [1190.625, 101.02564102564102, 0]
12:(3) [1289.375, 101.02564102564102, 0]
13:(3) [1388.125, 101.02564102564102, 0]
14:(3) [1486.875, 101.02564102564102, 0]
15:(3) [1585.625, 101.02564102564102, 0]
16:(3) [104.375, 183.02564102564102, 1]
17:(3) [203.125, 183.02564102564102, 1]
18:(3) [301.875, 183.02564102564102, 1]
19:(3) [400.625, 183.02564102564102, 1]
20:(3) [499.375, 183.02564102564102, 1]
21:(3) [598.125, 183.02564102564102, 1]
22:(3) [696.875, 183.02564102564102, 1]
23:(3) [795.625, 183.02564102564102, 1]
24:(3) [894.375, 183.02564102564102, 1]
25:(3) [993.125, 183.02564102564102, 1]
26:(3) [1091.875, 183.02564102564102, 1]
27:(3) [1190.625, 183.02564102564102, 1]
28:(3) [1289.375, 183.02564102564102, 1]
29:(3) [1388.125, 183.02564102564102, 1]
30:(3) [1486.875, 183.02564102564102, 1]
31:(3) [1585.625, 183.02564102564102, 1]

position of F:
0:(3) [104.375, 90.76923076923077, 0]
1:(3) [203.125, 90.76923076923077, 0]
2:(3) [301.875, 90.76923076923077, 0]
3:(3) [400.625, 90.76923076923077, 0]
4:(3) [499.375, 90.76923076923077, 0]
5:(3) [598.125, 90.76923076923077, 0]
6:(3) [696.875, 90.76923076923077, 0]
7:(3) [795.625, 90.76923076923077, 0]
8:(3) [894.375, 90.76923076923077, 0]
9:(3) [993.125, 90.76923076923077, 0]
10:(3) [1091.875, 90.76923076923077, 0]
11:(3) [1190.625, 90.76923076923077, 0]
12:(3) [1289.375, 90.76923076923077, 0]
13:(3) [1388.125, 90.76923076923077, 0]
14:(3) [1486.875, 90.76923076923077, 0]
15:(3) [1585.625, 90.76923076923077, 0]
16:(3) [104.375, 172.76923076923077, 1]
17:(3) [203.125, 172.76923076923077, 1]
18:(3) [301.875, 172.76923076923077, 1]
19:(3) [400.625, 172.76923076923077, 1]
20:(3) [499.375, 172.76923076923077, 1]
21:(3) [598.125, 172.76923076923077, 1]
22:(3) [696.875, 172.76923076923077, 1]
23:(3) [795.625, 172.76923076923077, 1]
24:(3) [894.375, 172.76923076923077, 1]
25:(3) [993.125, 172.76923076923077, 1]
26:(3) [1091.875, 172.76923076923077, 1]
27:(3) [1190.625, 172.76923076923077, 1]
28:(3) [1289.375, 172.76923076923077, 1]
29:(3) [1388.125, 172.76923076923077, 1]
30:(3) [1486.875, 172.76923076923077, 1]
31:(3) [1585.625, 172.76923076923077, 1]


position of G =>

0:(3) [104.375, 80.51282051282051, 0]
1:(3) [203.125, 80.51282051282051, 0]
2:(3) [301.875, 80.51282051282051, 0]
3:(3) [400.625, 80.51282051282051, 0]
4:(3) [499.375, 80.51282051282051, 0]
5:(3) [598.125, 80.51282051282051, 0]
6:(3) [696.875, 80.51282051282051, 0]
7:(3) [795.625, 80.51282051282051, 0]
8:(3) [894.375, 80.51282051282051, 0]
9:(3) [993.125, 80.51282051282051, 0]
10:(3) [1091.875, 80.51282051282051, 0]
11:(3) [1190.625, 80.51282051282051, 0]
12:(3) [1289.375, 80.51282051282051, 0]
13:(3) [1388.125, 80.51282051282051, 0]
14:(3) [1486.875, 80.51282051282051, 0]
15:(3) [1585.625, 80.51282051282051, 0]
16:(3) [104.375, 162.51282051282053, 1]
17:(3) [203.125, 162.51282051282053, 1]
18:(3) [301.875, 162.51282051282053, 1]
19:(3) [400.625, 162.51282051282053, 1]
20:(3) [499.375, 162.51282051282053, 1]
21:(3) [598.125, 162.51282051282053, 1]
22:(3) [696.875, 162.51282051282053, 1]
23:(3) [795.625, 162.51282051282053, 1]
24:(3) [894.375, 162.51282051282053, 1]
25:(3) [993.125, 162.51282051282053, 1]
26:(3) [1091.875, 162.51282051282053, 1]
27:(3) [1190.625, 162.51282051282053, 1]
28:(3) [1289.375, 162.51282051282053, 1]
29:(3) [1388.125, 162.51282051282053, 1]
30:(3) [1486.875, 162.51282051282053, 1]
31:(3) [1585.625, 162.51282051282053, 1]